EdO e0 e0 rds 3.03 3.00
S79.697 80.402 0.000 0.000 0.000 0.0
C5.0 0.029 0.061 0.094 0.1260.126 
C5.1
C5.2
S80.678 81.299 0.000 0.000 0.000 3.0
C5.0 0.002 0.035 0.067 0.099 0.132 0.164 0.196 0.229 0.261 0.294 0.488 0.5200.520 
C5.1
C5.2
S81.567 82.248 0.200 0.000 0.000 0.0
C5.0 0.004 0.036 0.263 0.295 0.327 0.360 0.392 0.424 0.457 0.489 0.5210.521 
C5.1
C5.2
S82.517 83.143 -0.200 0.000 0.000 0.0
C5.0 0.138 0.171 0.203 0.235 0.332 0.365 0.397 0.430 0.462 0.494 0.527 0.559 0.591 0.6240.624 
C5.1
C5.2
S84.255 84.739 0.400 0.000 0.000 0.0
C5.0 0.165 0.391 0.424 0.4560.456 
C5.1
C5.2
S84.954 85.661 -0.400 0.000 0.000 0.0
C5.0 0.015 0.048 0.145 0.177 0.209 0.242 0.274 0.307 0.339 0.371 0.404 0.436 0.468 0.501 0.598 0.630 0.663 0.6950.695 
C5.1
C5.2
S85.887 86.630 0.000 0.000 0.000 4.0
C5.0 0.021 0.054 0.086 0.118 0.151 0.248 0.280 0.312 0.7170.717 
C5.1
C5.2
S86.924 87.745 0.000 0.000 0.000 2.0
C5.0
C5.1
C5.2 0.004 0.036 0.069 0.101 0.134 0.166 0.198 0.295 0.328 0.360 0.393 0.425 0.4570.457 
S88.720 89.325 0.000 0.000 0.000 1.0
C5.0
C5.1
C5.2 0.005 0.037 0.070 0.102 0.135 0.167 0.199 0.232 0.264 0.296 0.329 0.361 0.393 0.426 0.458 0.491 0.523 0.555 0.5880.588 
S89.533 90.234 -0.400 0.000 0.000 0.0
C5.0
C5.1
C5.2 0.146 0.178 0.211 0.243 0.276 0.308 0.340 0.373 0.405 0.437 0.470 0.502 0.535 0.567 0.599 0.632 0.6640.664 
S90.456 91.104 0.200 0.000 0.000 0.0
C5.0
C5.1
C5.2 0.567 0.599 0.6310.631 
S91.255 92.003 -0.400 0.000 0.000 0.0
C5.0
C5.1
C5.2 0.027 0.059 0.092 0.124 0.156 0.189 0.221 0.253 0.318 0.4480.448 
S92.731 93.420 0.000 0.000 0.000 2.0
C5.0
C5.1
C5.2 0.526 0.558 0.591 0.623 0.6550.655 
S93.635 94.307 0.000 0.000 0.000 4.0
C5.0
C5.1
C5.2 0.010 0.043 0.075 0.108 0.140 0.172 0.205 0.334 0.3670.367 
S94.642 95.275 -0.200 0.000 0.000 0.0
C5.0
C5.1
C5.2 0.055 0.087 0.119 0.152 0.184 0.217 0.249 0.281 0.314 0.346 0.378 0.411 0.443 0.476 0.508 0.540 0.5730.573 
S95.544 96.353 0.000 0.000 0.000 1.0
C5.0
C5.1
C5.2 0.205 0.237 0.270 0.3990.399 
S96.876 97.726 0.400 0.000 0.000 0.0
C5.0
C5.1
C5.2 0.022 0.055 0.087 0.120 0.152 0.184 0.217 0.249 0.281 0.314 0.476 0.5080.508 
S98.062 98.743 0.000 0.000 0.000 3.0
C5.0
C5.1
C5.2 0.212 0.245 0.277 0.310 0.342 0.374 0.407 0.439 0.471 0.504 0.536 0.633 0.6660.666 
S99.155 99.644 0.000 0.000 0.000 0.0
C5.0
C5.1
C5.2 0.009 0.041 0.074 0.106 0.138 0.171 0.203 0.235 0.268 0.300 0.365 0.397 0.430 0.4620.462 
S99.788 100.500 0.200 0.000 0.000 0.0
C5.0
C5.1
C5.2 0.6870.687 
S101.327 101.869 -0.000 0.000 0.000 1.0
C5.0
C5.1
C5.2
S102.205 102.683 0.400 0.000 0.000 0.0
C5.0
C5.1
C5.2 0.099 0.132 0.164 0.229 0.261 0.294 0.326 0.358 0.391 0.423 0.4560.456 
S102.999 103.584 -0.400 0.000 0.000 0.0
C5.0
C5.1
C5.2 0.421 0.454 0.551 0.5830.583 
S103.736 104.546 0.000 0.000 0.000 3.0
C5.0
C5.1
C5.2 0.008 0.041 0.073 0.105 0.1380.138 
S105.327 106.179 0.000 0.000 0.000 4.0
C5.0
C5.1
C5.2 0.020 0.052 0.085 0.117 0.149 0.182 0.214 0.247 0.441 0.473 0.5060.506 
S106.457 107.133 0.000 0.000 0.000 2.0
C5.0
C5.1
C5.2 0.007 0.039 0.072 0.104 0.136 0.169 0.201 0.234 0.266 0.3950.395 
S107.344 108.229 -0.200 0.000 0.000 0.0
C5.0
C5.1
C5.2 0.009 0.042 0.074 0.106 0.139 0.171 0.204 0.236 0.301 0.333 0.3650.365 
S108.443 109.209 -0.000 0.000 0.000 4.0
C5.0
C5.1
C5.2 0.027 0.060 0.189 0.222 0.254 0.286 0.319 0.351 0.383 0.416 0.448 0.481 0.5130.513 
EdO ce e0 rds 3.03 3.00
S115.938 116.636 0.000 1.000 0.000 0.0
C5.0
C5.1
C5.2 0.123 0.560 0.592 0.625 0.657 0.6890.689 
S116.795 117.619 0.400 1.000 0.000 0.0
C5.0
C5.1
C5.2 0.027 0.059 0.092 0.124 0.156 0.189 0.221 0.253 0.286 0.318 0.351 0.383 0.415 0.4480.448 
S117.766 118.528 -0.200 -1.000 0.000 0.0
C5.0
C5.1
C5.2 0.011 0.043 0.076 0.108 0.302 0.448 0.480 0.513 0.545 0.578 0.610 0.642 0.675 0.7070.707 
S118.943 119.354 0.000 -1.000 0.000 4.0
C5.0
C5.1
C5.2 0.032 0.064 0.097 0.129 0.162 0.194 0.226 0.259 0.291 0.323 0.3560.356 
S120.117 120.906 0.200 1.000 0.000 0.0
C5.0
C5.1
C5.2 0.283 0.315 0.347 0.380 0.412 0.444 0.477 0.509 0.5420.542 
S121.127 121.855 -0.400 1.000 0.000 0.0
C5.0
C5.1
C5.2 0.000 0.033 0.065 0.097 0.130 0.6960.696 
S122.118 122.713 0.200 -1.000 0.000 0.0
C5.0
C5.1
C5.2 0.094 0.126 0.531 0.5630.563 
S122.864 123.599 -0.000 -1.000 0.000 3.0
C5.0
C5.1
C5.2 0.012 0.044 0.546 0.578 0.610 0.643 0.675 0.7080.708 
S124.666 125.251 0.400 -1.000 0.000 0.0
C5.0
C5.1
C5.2 0.007 0.071 0.104 0.136 0.168 0.201 0.233 0.266 0.298 0.330 0.363 0.3950.395 
S125.429 126.222 -0.400 -1.000 0.000 0.0
C5.0
C5.1
C5.2 0.003 0.036 0.068 0.101 0.133 0.165 0.198 0.230 0.570 0.602 0.635 0.667 0.699 0.732 0.7640.764 
S126.571 127.186 0.000 1.000 0.000 1.0
C5.0
C5.1
C5.2 0.059 0.092 0.124 0.157 0.189 0.221 0.254 0.286 0.318 0.351 0.383 0.4150.415 
S127.443 128.044 -0.200 1.000 0.000 0.0
C5.0
C5.1
C5.2 0.013 0.045 0.078 0.110 0.143 0.175 0.547 0.5800.580 
S128.845 129.633 -0.000 -1.000 0.000 0.0
C5.0
C5.1
C5.2 0.003 0.036 0.068 0.100 0.133 0.165 0.505 0.537 0.570 0.602 0.635 0.667 0.699 0.7320.732 
S129.902 130.587 0.000 0.000 0.000 2.0
C5.0
C5.1
C5.2 0.014 0.046 0.079 0.111 0.143 0.176 0.418 0.516 0.548 0.580 0.6130.613 
S130.798 131.514 -0.400 -1.000 0.000 0.0
C5.0
C5.1
C5.2 0.219 0.251 0.283 0.316 0.348 0.380 0.413 0.445 0.478 0.5100.510 
S131.693 132.606 0.000 -1.000 0.000 4.0
C5.0
C5.1
C5.2 0.020 0.052 0.085 0.457 0.489 0.522 0.554 0.586 0.619 0.6510.651 
S133.311 133.877 -0.000 -1.000 0.000 0.0
C5.0
C5.1
C5.2 0.005 0.037 0.069 0.102 0.134 0.166 0.199 0.2310.231 
S134.028 134.849 0.000 1.000 0.000 1.0
C5.0
C5.1
C5.2 0.015 0.047 0.080 0.112 0.420 0.452 0.484 0.517 0.549 0.582 0.614 0.6460.646 
S135.050 135.889 0.400 -1.000 0.000 0.0
C5.0
C5.1
C5.2 0.029 0.061 0.159 0.191 0.223 0.256 0.288 0.320 0.353 0.385 0.418 0.450 0.482 0.757 0.790 0.8220.822 
S136.107 136.788 0.000 1.000 0.000 0.0
C5.0
C5.1
C5.2 0.429 0.461 0.494 0.526 0.559 0.591 0.623 0.6560.656 
S137.654 138.428 0.000 -1.000 0.000 3.0
C5.0
C5.1
C5.2 0.032 0.064 0.371 0.404 0.436 0.469 0.533 0.598 0.7440.744 
S138.568 139.328 -0.200 -1.000 0.000 0.0
C5.0
C5.1
C5.2 0.023 0.055 0.088 0.120 0.153 0.185 0.217 0.250 0.282 0.557 0.590 0.622 0.654 0.687 0.719 0.7510.751 
S139.506 140.432 -0.400 -1.000 0.000 0.0
C5.0
C5.1
C5.2 0.121 0.154 0.186 0.218 0.251 0.283 0.315 0.348 0.380 0.413 0.445 0.850 0.8820.882 
S141.635 142.107 0.200 -1.000 0.000 0.0
C5.0
C5.1
C5.2 0.048 0.081 0.113 0.145 0.178 0.210 0.242 0.275 0.3070.307 
S143.034 143.759 -0.400 1.000 0.000 0.0
C5.0
C5.1
C5.2 0.008 0.040 0.073 0.105 0.413 0.445 0.510 0.542 0.575 0.607 0.639 0.6720.672 
S143.940 144.647 0.200 1.000 0.000 0.0
C5.0
C5.1
C5.2 0.235 0.268 0.300 0.640 0.672 0.7050.705 
S145.002 145.669 0.400 1.000 0.000 0.0
C5.0
C5.1
C5.2 0.145 0.242 0.274 0.307 0.339 0.582 0.614 0.6460.646 
S145.820 146.480 -0.200 1.000 0.000 0.0
C5.0
C5.1
C5.2 0.023 0.055 0.088 0.249 0.282 0.6540.654 
S147.474 148.320 0.000 0.000 0.000 2.0
C5.0
C5.1
C5.2 0.019 0.051 0.456 0.488 0.521 0.553 0.586 0.618 0.650 0.8120.812 
S148.623 149.193 -0.200 -1.000 0.000 0.0
C5.0
C5.1
C5.2 0.036 0.068 0.100 0.165 0.198 0.230 0.2620.262 
S149.405 150.196 0.000 -1.000 0.000 4.0
C5.0
C5.1
C5.2 0.015 0.387 0.419 0.7590.759 
S150.549 151.088 0.200 1.000 0.000 0.0
C5.0
C5.1
C5.2 0.214 0.247 0.311 0.344 0.376 0.408 0.441 0.473 0.506 0.5380.538 
S151.870 152.783 -0.200 1.000 0.000 0.0
C5.0
C5.1
C5.2 0.009 0.042 0.074 0.106 0.252 0.284 0.317 0.349 0.382 0.414 0.446 0.479 0.511 0.6080.608 
S153.044 153.673 0.000 -1.000 0.000 3.0
C5.0
C5.1
C5.2 0.438 0.470 0.503 0.535 0.567 0.6000.600 
S153.851 154.621 -0.400 -1.000 0.000 0.0
C5.0
C5.1
C5.2 0.262 0.295 0.327 0.359 0.392 0.424 0.457 0.732 0.7640.764 
S154.882 155.715 0.400 1.000 0.000 0.0
C5.0
C5.1
C5.2 0.332 0.365 0.397 0.429 0.462 0.494 0.5260.526 
S156.543 157.099 -0.000 1.000 0.000 1.0
C5.0
C5.1
C5.2 0.030 0.370 0.5320.532 
S157.392 158.108 -0.000 -1.000 0.000 0.0
C5.0
C5.1
C5.2 0.217 0.250 0.282 0.314 0.347 0.379 0.411 0.444 0.476 0.509 0.5410.541 
S158.317 158.999 -0.000 1.000 0.000 0.0
C5.0
C5.1
C5.2 0.021 0.118 0.150 0.183 0.215 0.312 0.523 0.555 0.587 0.6520.652 
S159.352 160.037 -0.400 1.000 0.000 0.0
C5.0
C5.1
C5.2 0.087 0.151 0.184 0.216 0.248 0.281 0.313 0.346 0.443 0.475 0.6530.653 
S160.840 161.669 0.400 -1.000 0.000 0.0
C5.0
C5.1
C5.2 0.022 0.055 0.087 0.119 0.152 0.184 0.427 0.459 0.492 0.524 0.556 0.589 0.621 0.6530.653 
S162.239 162.777 0.200 -1.000 0.000 0.0
C5.0
C5.1
C5.2 0.032 0.064 0.096 0.129 0.161 0.194 0.226 0.501 0.5330.533 
S162.965 163.651 0.000 0.000 0.000 2.0
C5.0
C5.1
C5.2 0.002 0.034 0.309 0.342 0.374 0.406 0.439 0.471 0.504 0.536 0.5680.568 
S163.838 164.570 0.000 1.000 0.000 1.0
C5.0
C5.1
C5.2 0.035 0.068 0.100 0.133 0.165 0.197 0.230 0.262 0.294 0.327 0.359 0.392 0.424 0.456 0.634 0.667 0.7310.731 
Esf me e0 grating 3.03 3.00
S191.854 192.553 1.000 -1.000 0.000 3.0
C5.0
C5.1
C5.2 0.003 0.6670.667 
S192.734 193.397 0.250 1.000 0.000 4.0
C5.0
C5.1
C5.2 0.014 0.078 0.111 0.143 0.613 0.6450.645 
S193.591 194.268 0.250 -1.000 0.000 3.0
C5.0
C5.1
C5.2 0.047 0.079 0.112 0.144 0.177 0.209 0.549 0.581 0.614 0.6460.646 
S194.422 195.101 4.000 1.000 0.000 4.0
C5.0
C5.1
C5.2 0.009 0.042 0.074 0.106 0.139 0.171 0.204 0.576 0.608 0.641 0.6730.673 
S195.865 196.699 1.000 -1.000 0.000 3.0
C5.0
C5.1
C5.2 0.022 0.055 0.087 0.119 0.152 0.184 0.783 0.8150.815 
S196.929 197.587 0.500 1.000 0.000 4.0
C5.0
C5.1
C5.2 0.512 0.545 0.577 0.609 0.6420.642 
S197.944 198.458 1.000 1.000 0.000 4.0
C5.0
C5.1
C5.2 0.129 0.161 0.194 0.226 0.258 0.291 0.323 0.355 0.388 0.420 0.452 0.4850.485 
S198.947 199.509 4.000 -1.000 0.000 3.0
C5.0
C5.1
C5.2 0.016 0.049 0.081 0.113 0.146 0.178 0.5500.550 
S200.317 201.089 2.000 1.000 0.000 4.0
C5.0
C5.1
C5.2 0.458 0.491 0.523 0.555 0.588 0.620 0.652 0.685 0.7170.717 
S201.358 202.252 1.000 -1.000 0.000 3.0
C5.0
C5.1
C5.2 0.113 0.146 0.178 0.211 0.243 0.275 0.308 0.340 0.405 0.437 0.470 0.502 0.5340.534 
S202.572 203.391 0.500 -1.000 0.000 3.0
C5.0
C5.1
C5.2 0.017 0.049 0.081 0.114 0.146 0.178 0.211 0.308 0.340 0.373 0.4050.405 
S203.662 204.346 2.000 -1.000 0.000 3.0
C5.0
C5.1
C5.2 0.011 0.044 0.076 0.108 0.141 0.205 0.238 0.270 0.303 0.335 0.367 0.4000.400 
S205.006 205.868 0.250 -1.000 0.000 3.0
C5.0
C5.1
C5.2 0.010 0.042 0.139 0.204 0.8350.835 
S206.134 206.809 4.000 -1.000 0.000 3.0
C5.0
C5.1
C5.2 0.031 0.064 0.128 0.161 0.193 0.258 0.630 0.6620.662 
S207.070 207.964 0.500 -1.000 0.000 3.0
C5.0
C5.1
C5.2 0.018 0.050 0.083 0.115 0.148 0.180 0.212 0.277 0.309 0.342 0.374 0.4060.406 
S208.175 208.820 0.500 1.000 0.000 4.0
C5.0
C5.1
C5.2 0.030 0.062 0.192 0.224 0.257 0.289 0.321 0.354 0.386 0.419 0.451 0.483 0.516 0.548 0.580 0.613 0.6450.645 
S209.550 210.195 1.000 1.000 0.000 4.0
C5.0
C5.1
C5.2 0.192 0.224 0.257 0.289 0.321 0.354 0.483 0.516 0.548 0.580 0.6130.613 
S210.518 211.240 1.000 -1.000 0.000 3.0
C5.0
C5.1
C5.2 0.309 0.341 0.373 0.406 0.438 0.470 0.503 0.535 0.568 0.600 0.632 0.665 0.6970.697 
S211.460 212.114 0.250 -1.000 0.000 3.0
C5.0
C5.1
C5.2 0.014 0.047 0.144 0.176 0.6450.645 
S214.292 214.689 2.000 1.000 0.000 4.0
C5.0
C5.1
C5.2 0.047 0.079 0.241 0.273 0.306 0.338 0.3700.370 
S215.710 216.082 0.250 1.000 0.000 4.0
C5.0
C5.1
C5.2 0.005 0.037 0.069 0.102 0.134 0.167 0.199 0.231 0.264 0.3610.361 
S216.447 217.073 1.000 -1.000 0.000 3.0
C5.0
C5.1
C5.2 0.126 0.158 0.190 0.255 0.288 0.320 0.352 0.385 0.449 0.482 0.514 0.546 0.5790.579 
S217.343 218.032 2.000 -1.000 0.000 3.0
C5.0
C5.1
C5.2 0.250 0.282 0.314 0.347 0.379 0.411 0.444 0.476 0.509 0.541 0.5730.573 
S218.236 218.934 1.000 -1.000 0.000 3.0
C5.0
C5.1
C5.2 0.019 0.052 0.084 0.181 0.214 0.246 0.278 0.311 0.343 0.375 0.408 0.440 0.473 0.505 0.6670.667 
S220.076 220.785 1.000 1.000 0.000 4.0
C5.0
C5.1
C5.2 0.349 0.381 0.413 0.446 0.478 0.510 0.543 0.575 0.608 0.6400.640 
S221.227 221.846 1.000 -1.000 0.000 3.0
C5.0
C5.1
C5.2 0.056 0.088 0.120 0.153 0.185 0.218 0.250 0.282 0.315 0.347 0.412 0.444 0.4760.476 
S222.272 222.825 2.000 1.000 0.000 4.0
C5.0
C5.1
C5.2 0.030 0.062 0.094 0.127 0.159 0.191 0.224 0.256 0.289 0.321 0.3530.353 
S223.065 223.727 0.500 -1.000 0.000 3.0
C5.0
C5.1
C5.2 0.095 0.127 0.159 0.192 0.224 0.256 0.289 0.321 0.354 0.386 0.418 0.451 0.483 0.580 0.613 0.6450.645 
S224.539 225.236 4.000 -1.000 0.000 3.0
C5.0
C5.1
C5.2 0.061 0.256 0.434 0.466 0.660 0.6930.693 
S225.466 226.142 0.500 1.000 0.000 4.0
C5.0
C5.1
C5.2 0.300 0.332 0.365 0.397 0.429 0.462 0.494 0.527 0.559 0.5910.591 
S226.325 227.299 1.000 -1.000 0.000 3.0
C5.0
C5.1
C5.2 0.267 0.299 0.331 0.364 0.396 0.428 0.461 0.493 0.526 0.558 0.9630.963 
S227.444 228.319 4.000 1.000 0.000 4.0
C5.0
C5.1
C5.2 0.005 0.037 0.069 0.102 0.134 0.167 0.199 0.231 0.264 0.830 0.8620.862 
S228.979 229.787 1.000 -1.000 0.000 3.0
C5.0
C5.1
C5.2 0.056 0.089 0.121 0.153 0.186 0.218 0.250 0.283 0.315 0.348 0.380 0.412 0.623 0.655 0.687 0.720 0.752 0.7850.785 
S230.013 230.819 0.250 1.000 0.000 4.0
C5.0
C5.1
C5.2 0.074 0.107 0.139 0.172 0.204 0.236 0.609 0.770 0.8030.803 
S231.162 231.815 2.000 -1.000 0.000 3.0
C5.0
C5.1
C5.2 0.074 0.171 0.6080.608 
S231.954 232.799 0.250 -1.000 0.000 3.0
C5.0
C5.1
C5.2 0.010 0.043 0.075 0.107 0.140 0.172 0.205 0.237 0.269 0.302 0.399 0.431 0.464 0.4960.496 
Esf e0 e0 grating 3.03 3.00
S300.209 301.036 1.000 -1.000 0.000 0.0
C5.0
C5.1
C5.2 0.025 0.057 0.090 0.122 0.2520.252 
S301.472 301.963 1.000 -1.000 0.000 1.0
C5.0
C5.1
C5.2 0.008 0.041 0.073 0.106 0.138 0.170 0.203 0.235 0.267 0.300 0.332 0.365 0.397 0.429 0.4620.462 
S302.115 302.782 1.000 -1.000 0.000 2.0
C5.0
C5.1
C5.2 0.012 0.044 0.077 0.109 0.142 0.336 0.3680.368 
S303.228 303.730 0.250 -1.000 0.000 0.0
C5.0
C5.1
C5.2 0.243 0.275 0.307 0.469 0.5020.502 
S304.431 305.205 2.000 -1.000 0.000 0.0
C5.0
C5.1
C5.2 0.011 0.043 0.076 0.205 0.238 0.270 0.302 0.464 0.5290.529 
S305.478 306.100 4.000 -1.000 0.000 0.0
C5.0
C5.1
C5.2 0.146 0.178 0.211 0.243 0.275 0.308 0.340 0.372 0.405 0.437 0.470 0.534 0.567 0.5990.599 
S306.238 307.094 0.500 -1.000 0.000 0.0
C5.0
C5.1
C5.2 0.437 0.566 0.8250.825 
S307.308 307.875 0.250 -1.000 0.000 0.0
C5.0
C5.1
C5.2 0.015 0.047 0.079 0.112 0.144 0.176 0.209 0.241 0.274 0.306 0.338 0.371 0.403 0.435 0.468 0.500 0.5330.533 
S308.363 309.141 1.000 -1.000 0.000 1.0
C5.0
C5.1
C5.2 0.028 0.060 0.093 0.125 0.158 0.190 0.222 0.255 0.287 0.319 0.352 0.384 0.417 0.449 0.481 0.514 0.546 0.740 0.7730.773 
S309.493 310.203 1.000 -1.000 0.000 0.0
C5.0
C5.1
C5.2
S310.539 311.118 0.250 -1.000 0.000 0.0
C5.0
C5.1
C5.2 0.167 0.1990.199 
S311.262 311.957 2.000 -1.000 0.000 0.0
C5.0
C5.1
C5.2 0.026 0.252 0.285 0.317 0.414 0.447 0.479 0.511 0.544 0.576 0.609 0.641 0.6730.673 
S313.463 313.949 2.000 -1.000 0.000 0.0
C5.0
C5.1
C5.2 0.043 0.302 0.334 0.431 0.4640.464 
S314.253 314.994 1.000 -1.000 0.000 2.0
C5.0
C5.1
C5.2 0.030 0.159 0.224 0.418 0.483 0.515 0.548 0.7100.710 
S315.138 316.054 0.500 -1.000 0.000 0.0
C5.0
C5.1
C5.2 0.584 0.6170.617 
S316.327 317.019 1.000 -1.000 0.000 2.0
C5.0
C5.1
C5.2 0.011 0.043 0.140 0.173 0.205 0.237 0.270 0.302 0.334 0.367 0.399 0.432 0.626 0.658 0.6910.691 
S317.906 318.342 1.000 -1.000 0.000 1.0
C5.0
C5.1
C5.2 0.002 0.034 0.067 0.261 0.293 0.326 0.358 0.391 0.4230.423 
S318.695 319.404 1.000 -1.000 0.000 0.0
C5.0
C5.1
C5.2
S319.615 320.178 4.000 -1.000 0.000 0.0
C5.0
C5.1
C5.2 0.024 0.057 0.089 0.121 0.154 0.186 0.219 0.251 0.316 0.348 0.380 0.413 0.445 0.477 0.510 0.5420.542 
S320.333 321.141 2.000 -1.000 0.000 0.0
C5.0
C5.1
C5.2 0.019 0.051 0.083 0.116 0.148 0.180 0.213 0.245 0.278 0.310 0.342 0.375 0.407 0.439 0.472 0.504 0.537 0.569 0.601 0.634 0.666 0.698 0.731 0.763 0.7950.795 
S322.111 322.995 0.250 -1.000 0.000 0.0
C5.0
C5.1
C5.2 0.442 0.475 0.847 0.8790.879 
S323.203 323.952 4.000 -1.000 0.000 0.0
C5.0
C5.1
C5.2 0.241 0.338 0.370 0.402 0.532 0.564 0.597 0.629 0.661 0.694 0.7260.726 
S324.141 324.778 1.000 -1.000 0.000 1.0
C5.0
C5.1
C5.2 0.014 0.046 0.079 0.111 0.143 0.176 0.208 0.241 0.273 0.305 0.338 0.370 0.402 0.435 0.467 0.500 0.532 0.597 0.6290.629 
S325.002 325.665 2.000 -1.000 0.000 0.0
C5.0
C5.1
C5.2 0.027 0.059 0.092 0.383 0.4160.416 
S325.002 325.665 2.000 -1.000 0.000 0.0
C5.2 0.027 0.059 0.092 0.383 0.4160.416 
S325.002 325.665 2.000 -1.000 0.000 0.0
C5.2 0.027 0.059 0.092 0.383 0.4160.416 
S325.002 325.665 2.000 -1.000 0.000 0.0
C5.2 0.027 0.059 0.092 0.383 0.4160.416 
S325.002 325.665 2.000 -1.000 0.000 0.0
C5.2 0.027 0.059 0.092 0.383 0.4160.416 
S325.002 325.665 2.000 -1.000 0.000 0.0
C5.2 0.027 0.059 0.092 0.383 0.4160.416 
S325.002 325.665 2.000 -1.000 0.000 0.0
C5.2 0.027 0.059 0.092 0.383 0.4160.416 
S325.002 325.665 2.000 -1.000 0.000 0.0
C5.2 0.027 0.059 0.092 0.383 0.4160.416 
S325.002 325.665 2.000 -1.000 0.000 0.0
C5.2 0.027 0.059 0.092 0.383 0.4160.416 
S325.002 325.665 2.000 -1.000 0.000 0.0
C5.2 0.027 0.059 0.092 0.383 0.4160.416 
S325.002 325.665 2.000 -1.000 0.000 0.0
C5.2 0.027 0.059 0.092 0.383 0.4160.416 
S325.002 325.665 2.000 -1.000 0.000 0.0
C5.2 0.027 0.059 0.092 0.383 0.4160.416 
S325.002 325.665 2.000 -1.000 0.000 0.0
C5.2 0.027 0.059 0.092 0.383 0.4160.416 
S325.002 325.665 2.000 -1.000 0.000 0.0
C5.2 0.027 0.059 0.092 0.383 0.4160.416 
S325.002 325.665 2.000 -1.000 0.000 0.0
C5.2 0.027 0.059 0.092 0.383 0.4160.416 
S325.002 325.665 2.000 -1.000 0.000 0.0
C5.2 0.027 0.059 0.092 0.383 0.4160.416 
S325.002 325.665 2.000 -1.000 0.000 0.0
C5.2 0.027 0.059 0.092 0.383 0.4160.416 
S325.002 325.665 2.000 -1.000 0.000 0.0
C5.2 0.027 0.059 0.092 0.383 0.4160.416 
S325.002 325.665 2.000 -1.000 0.000 0.0
C5.2 0.027 0.059 0.092 0.383 0.4160.416 
S325.002 325.665 2.000 -1.000 0.000 0.0
C5.2 0.027 0.059 0.092 0.383 0.4160.416 
S325.002 325.665 2.000 -1.000 0.000 0.0
C5.2 0.027 0.059 0.092 0.383 0.4160.416 
S325.002 325.665 2.000 -1.000 0.000 0.0
C5.2 0.027 0.059 0.092 0.383 0.4160.416 
S325.002 325.665 2.000 -1.000 0.000 0.0
C5.2 0.027 0.059 0.092 0.383 0.4160.416 
S325.002 325.665 2.000 -1.000 0.000 0.0
C5.2 0.027 0.059 0.092 0.383 0.4160.416 
S325.002 325.665 2.000 -1.000 0.000 0.0
C5.2 0.027 0.059 0.092 0.383 0.4160.416 
S325.002 325.665 2.000 -1.000 0.000 0.0
C5.2 0.027 0.059 0.092 0.383 0.4160.416 
S325.002 325.665 2.000 -1.000 0.000 0.0
C5.2 0.027 0.059 0.092 0.383 0.4160.416 
S325.002 325.665 2.000 -1.000 0.000 0.0
C5.2 0.027 0.059 0.092 0.383 0.4160.416 
S325.002 325.665 2.000 -1.000 0.000 0.0
C5.2 0.027 0.059 0.092 0.383 0.4160.416 
S325.002 325.665 2.000 -1.000 0.000 0.0
C5.2 0.027 0.059 0.092 0.383 0.4160.416 
S325.002 325.665 2.000 -1.000 0.000 0.0
C5.2 0.027 0.059 0.092 0.383 0.4160.416 
S325.002 325.665 2.000 -1.000 0.000 0.0
C5.2 0.027 0.059 0.092 0.383 0.4160.416 
S325.002 325.665 2.000 -1.000 0.000 0.0
C5.2 0.027 0.059 0.092 0.383 0.4160.416 
S325.002 325.665 2.000 -1.000 0.000 0.0
C5.2 0.027 0.059 0.092 0.383 0.4160.416 
S325.002 325.665 2.000 -1.000 0.000 0.0
C5.2 0.027 0.059 0.092 0.383 0.4160.416 
S325.002 325.665 2.000 -1.000 0.000 0.0
C5.2 0.027 0.059 0.092 0.383 0.4160.416 
