834 90 128
715 -31 26
458 -44 -94
698 -32 -22
91 -43 -46
6 -6 -94
792 -78 20
253 -43 -28
14 -2 -52
95 -5 8
2 -2 -16
331 -13 -40
239 -35 26
134 -26 14
809 43 86
962 46 50
374 -122 -4
110 -20 -52
976 26 38
219 -15 -16
251 13 50
238 -58 -52
794 -8 86
208 -22 -82
998 40 44
16 -10 -40
562 -58 2
358 -22 56
26 -8 -46
877 -13 8
22 -4 -112
68 -20 -52
356 -14 -22
999 141 146
486 -36 -34
433 -31 -16
233 -23 -70
942 66 92
588 -18 20
916 86 116
61 -31 -10
986 88 92
82 -22 -40
805 47 56
90 -12 -136
509 -11 -34
542 -26 -46
991 179 182
958 44 56
10 -10 -58
976 152 164
622 -28 -22
747 9 44
762 -30 -40
259 -19 -40
0 0 -70
55 -19 -46
936 24 50
94 -34 -40
131 -23 -112
972 48 56
332 -44 -22
53 -29 -40
395 -53 -70
463 -13 32
226 -34 -16
552 -24 -4
16 -10 -76
713 19 68
390 -36 -58
897 3 20
991 17 26
17 -11 -160
959 49 68
49 -7 -4
286 -40 -34
838 146 158
507 15 44
5 -5 -136
11 -5 -82
0 0 -190
0 0 -94
998 118 122
988 98 110
755 -23 20
327 57 68
85 -13 -34
172 -28 14
75 -15 -28
0 0 -142
19 -7 -52
899 43 86
622 -28 14
626 -62 -34
79 -37 8
170 -8 -16
6 -6 -22
992 58 68
807 87 128
966 54 56
998 94 98
984 24 38
251 -47 -10
999 141 146
0 0 -64
134 -20 -58
967 101 122
957 51 62
260 -14 -4
35 -17 -70
909 57 62
6 -6 -46
241 5 20
252 -60 -10
522 -12 32
761 -53 -28
893 25 56
781 47 62
987 63 74
132 -48 -16
684 -54 -28
502 38 62
851 25 74
31 -13 -166
66 -24 -58
312 -18 -118
918 -42 14
984 126 158
919 53 74
20 -20 -82
102 -24 -52
999 93 98
662 28 44
161 -17 20
873 -39 8
898 122 134
351 27 38
512 -26 8
8 -8 -160
109 -19 -4
9 -9 -70
285 -27 -64
496 -52 14
587 85 86
990 120 140
992 52 56
17 -5 -70
112 -64 -40
498 -48 8
565 -19 8
240 -6 8
197 -11 -58
698 -32 2
79 -25 -106
776 -26 -28
206 -38 -124
645 -27 20
126 -36 -82
911 31 62
201 -57 2
323 -53 -16
737 -11 26
110 -26 -136
18 -18 -64
718 38 68
0 0 -46
747 27 44
805 -31 -4
38 -32 -4
412 -16 -46
968 130 140
596 -14 -10
909 15 26
522 -42 26
988 38 44
91 -13 -34
101 -29 2
996 54 62
141 -21 -106
4 -4 -70
656 -62 8
911 -11 14
140 -14 -52
687 39 80
430 -64 -10
0 0 -64
792 -18 2
30 -18 -16
21 -3 -28
988 2 8
477 3 32
855 9 26
963 -15 14
9 -9 -94
521 1 32
750 54 56
687 -39 20
928 164 170
677 -35 8
385 -37 8
123 -3 -124
591 -39 -22
138 -18 -46
4 -4 -64
424 -10 50
978 48 62
4 -4 -10
995 103 110
705 -39 -28
19 -13 -16
359 -47 -4
805 -49 -22
960 138 146
952 116 128
0 0 -28
79 -19 -112
796 44 92
734 -44 56
97 -43 -16
694 50 56
621 -21 38
454 -4 -52
56 -26 -58
855 -15 -28
332 -32 -28
280 -64 -4
622 -46 8
4 -4 -76
295 -49 -82
979 83 92
613 -43 26
396 -66 8
15 -9 -94
990 126 134
118 -46 -4
334 -64 -76
296 -26 -28
952 -28 20
615 -63 8
685 -43 -22
920 -8 26
151 -25 -46
520 -28 -34
381 -39 -46
847 17 56
335 -107 -16
542 4 44
893 1 32
155 -17 -58
971 -11 14
851 43 56
642 -78 -10
337 -73 -16
0 0 -22
850 -34 -10
658 -82 20
7 -7 -76
468 -6 38
906 36 50
414 -36 -40
750 -24 -28
455 -71 -28
663 87 104
739 -49 -28
2 -2 -46
683 67 86
995 55 62
995 109 110
970 14 38
658 8 38
117 -9 -46
732 24 38
251 -95 -10
633 -63 -52
105 -27 -100
40 -22 -64
731 -59 -10
547 -31 -28
476 -32 -88
201 -3 -16
987 39 56
158 -32 -88
8 -2 -4
172 -40 -52
143 -23 -136
48 -6 -16
944 34 44
925 -7 20
223 -43 -28
960 84 104
678 -36 -34
969 87 92
914 28 44
92 -38 -40
660 -18 8
997 47 50
587 37 86
791 -95 -4
66 -24 -64
945 99 134
500 -38 -10
90 -24 -76
751 -25 2
974 70 92
676 -34 -88
223 -49 -70
971 121 128
977 19 26
873 3 26
656 -62 -16
480 -6 20
989 37 50
40 -16 -40
541 -55 -94
413 -65 -4
885 93 104
930 -6 38
373 -55 -28
285 -15 -88
135 -39 -4
431 -23 -10
5 -5 -76
333 -15 -28
959 37 68
997 107 110
293 -59 -22
298 -64 -52
42 -18 -58
307 -13 -64
890 46 80
34 -10 -82
119 -59 -76
965 37 44
636 -12 56
107 -35 -76
455 -29 8
612 114 140
599 -23 44
524 -14 -22
316 -64 -4
810 -6 -40
908 -26 20
535 -31 14
983 79 92
924 84 92
102 -18 -64
2 -2 -154
184 -16 -118
733 -43 -4
924 -42 8
453 -87 -4
451 -19 44
981 123 140
1 -1 -130
1 -1 -172
991 53 62
938 58 86
960 -18 -16
974 172 182
855 63 86
983 -11 2
936 -30 -16
635 37 86
969 39 68
0 0 -52
995 49 50
535 41 50
422 -50 -46
157 -7 -112
977 61 74
243 -51 -94
322 -28 -118
891 21 56
809 127 140
979 41 44
845 -35 -4
4 -4 -70
31 -13 -40
121 -19 -40
89 -29 -58
993 189 194
49 -7 -154
776 -2 44
187 -49 -46
174 -42 -88
846 6 44
731 -47 20
279 51 62
25 -7 -82
3 -3 -166
110 -50 -28
656 -86 26
283 -79 -4
14 -8 -34
302 -26 26
489 -39 20
605 55 74
29 -17 -52
39 -3 -28
113 37 62
87 -15 -112
478 -40 -58
962 40 56
17 -5 -52
190 -28 -70
458 82 98
2 -2 -52
19 -7 -100
730 -10 62
38 -26 -70
261 -51 -58
35 -11 -106
84 -36 -52
0 0 -136
341 -41 -28
37 -13 -70
336 -42 -16
930 -30 2
966 -12 2
959 91 116
949 95 122
143 -29 -94
932 130 140
904 8 68
817 -13 32
614 -38 20
51 -27 -40
590 -92 -10
824 -26 2
220 -16 -28
983 205 212
615 27 56
72 -18 -40
690 18 50
76 -22 -184
222 -60 -34
969 21 26
989 37 44
0 0 -100
5 -5 -46
207 -27 -46
648 -54 14
23 -11 -70
973 119 134
967 35 68
310 14 44
674 52 74
992 34 44
80 -32 2
782 16 44
714 -6 26
0 0 -82
412 26 56
796 32 62
683 25 68
57 -33 -94
471 -63 2
0 0 -28
408 0 32
969 -15 -4
543 -39 -34
881 -23 2
789 123 134
255 -21 -46
0 0 -94
775 -31 26
820 134 176
5 -5 -124
331 -25 -10
64 -16 -112
458 16 50
449 -17 14
863 25 62
630 12 62
562 86 98
994 140 152
409 -25 -28
8 -8 -76
670 164 182
869 -11 32
292 -100 -4
192 18 20
998 52 62
314 -32 -46
998 28 32
513 -99 -28
52 -16 -148
995 37 44
838 -10 8
198 -54 -40
824 -20 14
63 -27 -70
965 -17 -4
192 -24 8
878 100 104
303 -39 -16
958 116 122
771 9 38
471 -69 -22
736 32 56
936 -18 8
627 33 62
764 22 56
784 56 74
865 53 68
969 51 68
468 -30 50
732 -24 14
690 36 56
856 -10 14
593 -77 -52
571 -85 -16
11 -11 -76
106 -34 -64
0 0 -70
57 -9 -58
287 -35 8
83 -53 -34
967 -19 20
923 -47 -16
0 0 -88
867 -3 38
563 -59 8
262 -16 -64
999 99 104
405 -3 56
544 62 92
342 -6 -76
86 -8 -76
903 3 56
64 -22 -46
331 -31 -46
691 71 98
0 0 -64
193 -13 -28
983 109 116
998 16 20
959 127 152
836 -14 -64
844 -16 -10
855 -27 -16
923 85 122
630 -66 8
496 -40 14
13 -13 -124
760 -58 -4
761 13 38
979 47 74
19 -7 -112
968 76 80
282 -42 -16
546 -30 14
209 -59 -22
133 23 38
939 63 74
780 -18 -4
805 -43 -22
75 -9 -76
105 -39 -28
937 53 68
189 -21 -34
970 14 44
13 -7 -82
407 -59 -34
600 6 50
908 46 62
12 -6 -130
158 -32 8
767 43 116
616 2 32
710 -32 -16
507 -63 -28
900 84 116
188 -56 -16
999 147 152
905 -23 -4
996 204 212
291 -21 -70
3 -3 -22
595 -31 -82
999 57 62
267 -57 -4
264 -66 -28
970 38 50
992 70 80
41 -11 -82
0 0 -88
78 -18 -76
983 73 86
435 -51 -22
229 -19 -34
170 -44 -40
116 -32 -94
18 -18 -22
515 -47 -28
48 -6 -82
895 35 74
242 -44 -76
555 -57 -22
635 -29 -40
832 20 68
353 -59 -10
0 0 -58
963 -9 20
987 57 74
816 174 218
15 -3 -100
800 28 74
259 -31 8
492 -48 -40
84 -6 -64
11 -11 -82
697 -61 -16
748 -22 26
77 -17 -40
48 -30 2
43 -19 -40
0 0 -106
897 45 86
878 46 104
46 -22 -4
688 -10 20
777 39 50
367 -25 -46
916 26 44
939 57 80
420 30 80
762 -24 2
0 0 -52
139 -25 -154
778 2 62
613 -61 20
980 70 98
523 -37 -10
764 40 74
48 -12 -70
487 -43 -88
945 3 26
609 99 110
3 -3 -40
790 -28 26
562 -22 -34
572 -68 -64
309 -33 -64
868 20 26
387 -63 2
770 52 68
4 -4 -40
981 93 98
287 13 56
147 -33 -22
5 -5 -112
998 52 56
414 -84 -16
896 70 92
5 -5 -64
97 -19 -28
633 75 98
955 17 38
879 27 38
1 -1 -106
987 -3 14
377 -59 -22
942 84 104
315 -45 -58
124 -10 -34
37 -25 -40
33 -3 -70
724 68 92
886 74 86
40 -22 -22
199 -43 20
464 -50 -88
353 25 38
57 -15 -124
73 -7 -130
899 73 92
0 0 -160
696 36 44
219 -15 -52
147 -3 -28
719 -53 -4
207 -15 20
781 59 62
920 70 74
0 0 -34
995 91 98
135 -21 -34
548 -68 -10
411 -27 -58
638 70 92
116 -14 2
0 0 -112
786 -24 -34
628 -46 -10
6 -6 -220
165 -45 -64
73 -19 -10
219 -15 8
74 -26 -16
131 -41 -16
305 13 44
92 -14 -52
597 -27 26
997 59 62
3 -3 -52
966 -36 2
18 -6 -64
131 -5 -106
221 -35 -4
998 94 98
28 -16 -70
2 -2 -4
76 -52 -46
983 -17 -4
31 -19 -88
891 -33 -10
832 44 56
726 -54 -4
63 -9 -64
400 26 44
927 39 68
394 -22 32
938 88 98
518 28 62
202 -46 -28
418 -46 -130
23 -5 -40
995 55 62
753 3 26
996 72 80
349 23 38
997 155 164
896 52 92
12 -12 -46
0 0 -148
118 -22 -64
54 -12 -136
623 -17 -100
649 53 86
87 -33 -82
749 -29 -34
489 -63 -40
491 -41 -10
6 -6 -112
765 51 104
988 8 20
509 -11 44
738 90 116
43 -19 -88
534 -84 2
998 10 14
881 -35 20
422 -26 -28
101 -35 -52
769 53 74
776 16 44
164 -50 -76
123 -51 -34
13 -13 -64
961 119 134
814 -34 20
307 -49 -64
781 101 134
459 -51 20
879 135 158
964 98 116
2 -2 -10
37 -13 -34
122 -38 -118
970 74 80
18 -6 -106
666 -66 -4
947 127 140
345 -39 -4
2 -2 -70
9 -3 -112
730 44 92
683 73 80
0 0 -58
825 -63 -16
186 -48 -76
478 -34 8
1 -1 -34
937 -7 -10
449 -53 -28
272 -8 20
190 -34 -46
452 -50 -10
523 -19 -28
973 185 194
155 -11 -34
763 -25 -16
108 -30 -4
199 -19 14
124 2 14
356 -14 -46
203 -59 -22
472 -82 -28
0 0 -88
641 -65 -4
350 -8 26
24 -18 -130
627 -57 8
192 -30 -10
999 51 56
6 -6 -124
996 114 122
13 -1 -112
35 -5 -160
893 97 116
891 -9 38
285 -21 -40
592 -64 -34
296 -62 -52
342 -90 -28
996 108 116
989 223 230
223 -19 -58
784 74 86
956 70 92
508 -52 -10
389 -59 2
79 -55 -124
993 3 14
447 45 68
986 64 86
366 -96 -88
759 -33 -28
903 153 182
18 -12 -64
114 -24 -10
481 -25 -94
401 -71 -112
850 50 56
374 -20 26
422 -8 -40
4 -4 -34
142 -16 -22
581 -47 -22
50 -14 -82
215 -71 -34
543 -27 -64
670 2 32
105 -21 -52
180 -30 -94
873 -27 -4
463 -79 -28
30 -24 -28
320 -20 -52
932 82 122
905 -23 2
274 -34 -10
93 -15 -76
998 52 56
795 -15 32
955 17 32
157 -43 -70
980 -14 8
337 -31 -16
407 -65 -16
415 -7 44
297 -51 -58
930 -6 8
69 -27 -16
942 24 38
2 -2 -94
999 21 26
630 -18 -34
308 -14 -28
989 19 32
526 8 14
915 177 182
157 17 38
954 108 122
943 107 116
0 0 -58
0 0 -64
262 8 32
439 -73 2
965 13 32
354 -30 -64
538 -28 2
850 -64 2
418 -4 26
788 -44 -34
22 -10 -52
825 33 44
4 -4 -16
16 -10 -28
195 -27 -34
945 147 164
27 -9 -34
186 -24 20
344 -32 -40
641 -83 32
917 7 20
11 -11 -106
292 -16 -64
320 -14 20
842 -20 26
448 -22 -46
967 5 32
999 123 128
488 -14 -46
224 -8 -88
233 -17 14
938 22 32
725 13 56
960 18 44
860 40 62
771 3 44
495 -27 -22
463 -19 62
462 -114 8
91 -13 -166
3 -3 -112
112 -28 -4
198 -60 -4
997 95 104
229 -25 14
22 -4 -112
94 -16 -58
314 -2 32
547 11 26
611 -53 -34
999 69 74
139 -25 -34
697 41 92
848 4 26
2 -2 -76
787 23 50
912 54 62
207 -15 -4
825 135 140
9 -9 -52
0 0 -100
864 114 128
795 81 116
249 -57 -52
32 -2 -10
766 -34 8
204 -30 8
72 -18 14
364 -46 14
956 82 104
151 -13 -28
8 -8 -82
387 -21 -94
74 -14 8
959 133 146
824 10 50
979 29 50
999 45 50
1 -1 -64
981 147 152
813 165 170
941 67 86
108 18 26
561 -33 -4
769 -7 26
44 -14 -22
43 -7 -46
112 -40 -10
0 0 -58
130 -34 -46
762 -24 26
29 -5 -196
866 22 68
941 31 56
49 -25 -76
3 -3 -58
5 -5 -22
751 -43 -22
52 -22 -16
937 -43 -16
996 42 50
41 -11 -64
911 115 134
887 -11 32
640 -16 8
91 -31 -88
958 14 62
363 -9 -52
16 -16 -22
487 -31 26
653 -17 20
957 21 62
54 -18 -34
6 -6 -154
314 -2 62
123 -45 2
0 0 -76
59 -23 -88
566 -50 2
973 107 110
396 -60 8
166 -46 -4
949 -1 32
156 -36 2
